2  1
3  1
3  2
4  1
4  2
4  3 
5  1
5  2
5  3
5  4
6  1
6  2
6  3
6  4
6  5
7  1
7  2
7  3
7  4
7  5
7  6
8  1
8  2
8  3
8  4
8  5
8  6
8  7
9  1
9  2
9  3
9  4
9  5
9  6
9  7
9  8
10 1
10 2
10 3
10 4
10 5
10 6
10 7
10 8
10 9
10 11
11 12
12 13
13 14
14 15
15  16
16  17
17  18
18  19
19  20
20 21
21 22
21 23
21 24
21 25
21 26
21 27
21 28
21 29
21 30
22 23
22 24
22 25
22 26
22 27
22 28
22 29
22 30
23 24
23 25
23 26
23 27
23 28
23 29
23 30
24 25
24 26
24 27
24 28
24 29
24 30
25 26
25 27
25 28
25 29
25 30
26 27
26 28
26 29
26 30
27 28
27 29
27 30
28 29
28 30
29 30