7 25
7 67
7 15
7 2
7 4
7 27
7 8
7 49
7 51
7 61
7 0
7 22
7 6
7 88
7 94
7 97
7 74
7 64
7 18
7 40
7 76
7 21
7 69
7 68
7 58
7 66
7 106
7 42
7 5
7 80
7 9
7 71
7 93
7 83
7 54
7 48
7 3
7 41
7 84
7 46
7 102
7 120
7 107
7 1
7 31
7 53
7 96
7 79
7 50
7 23
7 75
7 65
7 45
77 96
77 21
77 3
77 15
77 1
77 25
77 51
77 24
77 54
77 79
77 4
77 30
77 0
77 75
77 2
77 33
77 10
77 50
77 31
29 36
29 29
29 9
29 66
29 42
29 40
29 39
29 28
29 58
29 25
29 10
29 6
29 43
29 53
29 31
29 3
29 37
29 5
50 84
50 4
50 27
50 9
50 30
50 50
50 32
50 82
50 63
50 36
50 102
50 120
50 5
50 3
50 45
50 66
50 56
50 64
50 25
50 8
50 79
50 97
50 51
50 6
50 1
50 31
50 55
50 24
50 58
50 67
50 21
3 35
3 40
3 34
3 55
3 68
3 22
3 60
3 31
3 4
3 28
3 70
3 62
3 79
3 97
3 1
3 39
3 108
3 67
3 105
3 15
3 21
3 59
3 72
3 3
3 41
3 52
3 46
3 69
3 61
3 47
3 120
3 5
3 49
3 94
3 74
3 75
3 25
3 23
3 51
3 64
3 18
3 56
3 73
3 27
3 84
3 96
3 0
3 38
3 9
3 53
3 66
3 6
3 58
35 45
35 34
9 84
9 0
9 123
9 127
9 39
9 9
9 124
9 121
9 129
9 128
9 43
9 8
9 4
9 74
9 40
9 10
9 125
9 126
9 71
9 6
9 58
9 122
9 1
9 89
9 5
9 24
9 66
9 56
9 25
9 42
9 2
84 2
84 65
84 0
84 18
84 33
84 1
84 120
84 76
84 58
84 24
84 87
84 130
84 25
84 67
84 111
84 71
84 51
84 84
84 85
84 70
84 97
84 53
84 83
84 45
84 32
25 82
25 56
25 15
25 80
25 61
25 70
25 25
25 98
25 4
25 78
25 74
25 2
25 54
25 36
25 68
25 47
25 110
25 31
25 6
25 60
25 19
25 65
25 107
25 24
25 41
25 83
25 113
25 96
25 93
25 46
25 71
25 26
25 22
25 18
25 8
25 5
25 51
25 102
25 88
25 69
25 28
25 76
25 87
25 21
25 57
25 99
25 66
25 33
25 100
25 45
25 63
25 109
25 30
25 114
25 10
25 79
25 64
25 39
25 73
25 67
82 24
82 36
82 66
82 10
82 82
6 28
6 41
6 67
6 87
6 83
6 120
6 71
6 2
6 36
6 31
6 49
6 22
6 40
6 69
6 0
6 65
6 130
6 64
6 15
6 119
6 51
6 6
6 24
6 19
6 45
6 10
6 18
6 66
6 39
6 57
6 4
6 30
6 74
6 58
6 8
6 68
6 38
28 61
28 31
28 41
28 2
28 5
28 68
28 53
28 30
28 10
28 51
64 51
64 54
64 0
64 58
64 1
64 2
51 31
51 38
51 40
51 1
51 36
51 8
51 96
51 68
51 67
51 113
51 80
51 21
51 24
51 61
51 22
51 58
51 66
51 2
51 10
51 18
51 57
51 65
51 71
51 63
51 75
51 48
51 15
51 51
51 0
51 88
51 39
51 120
51 53
51 69
51 41
51 79
108 74
108 24
108 81
108 58
108 87
74 30
74 75
74 63
74 87
74 0
74 74
74 85
74 2
74 76
74 67
74 24
74 71
74 53
74 1
74 58
74 15
74 27
19 4
19 106
19 10
19 5
19 98
19 61
19 41
19 2
4 58
4 42
4 48
4 95
4 45
4 62
4 79
4 53
4 75
4 1
4 38
4 41
4 18
4 106
4 0
4 30
4 31
4 67
4 36
4 10
4 98
4 71
4 61
4 4
4 69
4 66
4 94
4 40
4 23
2 27
2 55
2 46
2 24
2 117
2 56
2 22
2 36
2 65
2 0
2 120
2 5
2 63
2 8
2 45
2 102
2 69
2 94
2 113
2 67
2 80
2 21
2 41
2 98
2 1
2 96
2 31
2 57
2 10
2 48
2 79
2 42
2 68
2 2
2 60
2 106
2 40
2 66
2 53
2 93
2 58
56 40
24 66
24 112
24 5
24 30
24 33
24 63
24 32
24 58
24 79
24 27
24 1
24 86
24 67
24 15
24 53
24 10
24 83
24 48
24 23
24 59
24 85
66 10
66 37
66 63
66 42
66 119
66 36
66 0
66 127
66 126
66 66
66 1
66 90
66 58
66 81
23 26
23 101
23 15
23 23
23 1
26 33
26 26
26 53
26 27
30 15
30 69
30 27
30 5
30 61
30 79
30 70
30 62
30 18
30 94
30 58
30 13
30 10
30 1
10 61
10 71
10 36
10 5
10 69
10 42
10 10
10 38
10 31
10 1
10 94
10 95
10 41
10 120
10 58
10 15
10 98
10 63
10 0
10 21
10 40
61 69
61 49
61 5
61 36
61 31
61 68
61 45
61 58
65 58
65 5
65 65
65 130
65 69
65 41
53 53
53 70
53 15
53 87
53 58
53 48
53 45
53 5
53 55
53 22
53 27
53 71
0 67
0 5
0 45
0 0
0 71
0 36
0 22
0 63
0 97
0 94
0 27
0 46
0 15
0 79
0 1
0 31
0 21
0 54
15 75
15 71
15 70
15 58
15 97
15 63
15 46
15 69
15 68
15 5
15 79
15 1
15 45
15 21
15 18
15 27
15 41
45 22
45 69
45 52
45 60
45 45
45 5
45 48
45 21
45 70
45 46
45 115
45 116
45 1
45 27
45 78
45 59
45 79
45 55
45 49
45 118
87 52
87 87
87 49
87 5
87 27
52 49
52 27
52 58
52 5
70 34
70 70
70 60
70 48
70 27
58 69
58 68
58 120
58 67
58 36
58 18
58 32
58 58
58 71
58 57
58 27
58 5
58 40
58 31
58 1
58 42
130 27
98 98
103 1
103 21
80 80
80 27
80 1
36 67
36 41
36 37
36 8
36 44
36 43
36 38
36 39
36 71
36 91
36 36
36 119
36 31
40 38
40 5
40 31
40 43
40 42
40 39
40 40
27 31
27 117
27 54
27 101
27 5
27 71
27 96
27 83
27 33
27 99
27 76
27 69
27 1
27 78
27 49
123 123
123 125
123 127
123 43
123 89
123 124
1 79
1 46
1 63
1 67
1 93
1 1
1 71
1 47
1 102
1 5
1 21
1 92
1 22
54 54
54 21
54 79
54 97
54 63
54 75
54 76
5 18
5 20
5 71
5 68
5 72
5 49
5 13
5 41
5 16
5 94
5 11
5 21
5 73
5 83
5 17
5 69
5 104
5 79
5 38
5 5
5 62
5 14
5 42
5 12
5 46
96 96
127 42
127 127
127 89
55 93
55 46
55 55
79 92
79 63
79 79
79 71
79 75
79 21
79 78
67 49
67 31
67 57
67 69
67 21
67 71
67 67
75 75
75 21
75 63
75 33
69 69
69 95
39 42
39 44
39 41
39 37
41 41
41 38
41 31
41 42
49 71
49 60
71 71
71 21
71 46
71 31
31 42
31 94
31 8
31 31
46 46
46 60
97 22
97 63
97 92
18 17
18 18
124 122
124 89
43 91
43 42
43 125
91 42
91 91
42 37
42 8
42 42
22 21
94 117
94 94
48 59
48 60
48 48
63 21
63 63
83 83
21 92
21 93
21 113
21 21
8 8
121 122
121 125
60 59
60 60
33 76
129 90
125 125
125 89
90 89
90 90
122 89
99 76
89 89
93 93
76 76
