24 30
24 33
24 34
24 28
24 26
30 33
30 34
30 27
1 3
1 6
1 20
1 2
1 14
1 5
1 32
1 13
1 4
1 22
1 12
1 18
1 8
1 7
3 29
3 10
3 14
3 33
3 9
3 2
3 28
3 4
2 18
2 22
2 20
2 14
2 4
9 34
9 33
9 31
34 21
34 23
34 28
34 19
34 29
34 20
34 10
34 32
34 15
34 31
34 33
34 27
8 4
25 28
25 32
25 26
21 33
23 33
32 33
6 17
6 7
6 11
33 16
33 19
33 31
17 7
11 5
7 5
4 14
36 35
36 51
42 46
42 66
42 47
42 61
42 64
42 51
42 65
42 45
42 41
42 68
42 48
42 35
46 51
37 41
37 59
37 40
37 60
37 48
37 39
37 67
37 43
37 62
37 63
37 55
37 50
37 54
37 53
41 38
41 51
41 65
38 43
38 58
38 51
38 60
38 56
38 39
43 59
43 39
64 51
51 35
51 48
51 66
51 61
51 65
59 62
40 39
56 48
48 44
48 57
35 45
49 39
44 45
63 53
63 55
53 50
39 65
39 54
50 55
50 52
55 52
